image: used_map.pgm
resolution: 0.040000
origin: [-1.000000, -12.520000, 0.00]
negate: 0
occupied_thresh: 0.65
free_thresh: 0.196