image: used_map.pgm
resolution: 0.020000
origin: [-13.800000, -12.520000, 0.00]
negate: 0
occupied_thresh: 0.65
free_thresh: 0.196